1 163 5.40345e-11
1 164 5.40345e-11
1 165 5.40345e-11
1 166 5.40345e-11
1 167 5.40345e-11
1 168 5.40345e-11
1 169 5.40345e-11
1 170 5.40345e-11
1 171 5.40345e-11
1 172 5.40345e-11
1 173 5.40345e-11
1 174 5.40345e-11
1 175 5.40345e-11
1 176 5.40345e-11
1 177 1.68186e-10
1 178 5.40345e-11
1 179 5.40345e-11
1 180 5.40345e-11
1 181 5.40345e-11
1 182 5.40345e-11
1 183 5.40345e-11
1 184 5.40345e-11
1 185 5.40345e-11
1 186 5.40345e-11
1 187 5.40345e-11
1 188 5.40345e-11
1 189 5.40345e-11
1 190 5.40345e-11
1 191 5.40345e-11
1 192 5.40345e-11
1 193 5.40345e-11
1 194 5.40345e-11
1 195 5.40345e-11
1 196 5.40345e-11
1 197 5.40345e-11
1 198 5.40345e-11
1 199 5.40345e-11
1 200 5.40345e-11
1 201 5.40345e-11
1 202 5.40345e-11
1 203 5.40345e-11
1 204 5.40345e-11
1 205 5.40345e-11
1 206 5.40345e-11
1 207 5.40345e-11
1 208 5.40345e-11
1 209 5.40345e-11
1 210 5.40345e-11
1 211 5.40345e-11
1 212 5.40345e-11
1 213 5.40345e-11
1 214 5.40136e-11
1 215 5.01944e-11
1 216 5.38409e-11
1 217 5.39249e-11
1 218 5.02154e-11
1 219 4.1978e-11
1 220 4.65447e-11
1 221 4.17366e-11
1 222 5.01708e-11
1 223 4.29677e-11
1 224 4.65895e-11
1 225 3.8522e-11
1 226 5.37226e-11
1 227 5.36182e-11
1 228 5.40345e-11
1 229 4.07708e-11
1 230 4.01949e-11
1 231 5.36093e-11
1 232 5.38544e-11
1 233 5.31803e-11
1 234 3.70871e-11
1 235 5.31803e-11
1 236 5.25649e-11
1 237 5.3549e-11
1 238 3.85219e-11
1 239 5.40345e-11
1 240 5.36731e-11
1 241 5.40345e-11
1 242 5.40345e-11
1 243 5.40345e-11
1 244 5.40345e-11
1 245 5.4006e-11
1 246 4.89545e-11
1 247 5.4006e-11
1 248 5.4006e-11
1 249 5.39814e-11
1 250 4.43536e-11
1 251 5.39814e-11
1 252 5.39529e-11
1 253 5.40345e-11
1 254 4.68744e-11
1 255 5.40345e-11
1 256 5.39814e-11
1 257 5.40345e-11
1 258 5.40345e-11
1 259 5.40345e-11
1 260 5.40345e-11
1 261 5.40345e-11
1 262 5.40345e-11
1 263 5.40345e-11
1 264 5.40345e-11
1 265 5.40345e-11
1 266 5.40345e-11
1 267 5.39926e-11
1 268 4.78589e-11
1 269 5.39926e-11
1 270 5.3942e-11
1 271 4.25772e-11
1 272 5.3942e-11
1 273 5.39004e-11
1 274 5.40345e-11
1 275 4.48788e-11
1 276 5.40345e-11
1 277 5.3942e-11
1 278 5.40345e-11
1 279 5.40345e-11
1 280 5.40345e-11
1 281 5.40345e-11
1 282 5.40345e-11
1 283 5.40345e-11
1 284 5.40345e-11
1 285 5.40345e-11
1 286 5.40345e-11
1 287 5.40345e-11
1 288 5.40345e-11
1 289 5.40345e-11
1 290 5.40345e-11
1 291 5.40345e-11
1 292 5.40345e-11
1 293 5.40345e-11
1 294 5.40345e-11
1 295 5.40345e-11
1 296 5.39785e-11
1 297 4.69466e-11
1 298 5.39785e-11
1 299 5.39785e-11
1 300 5.40345e-11
1 301 4.69466e-11
1 302 5.40345e-11
1 303 5.39785e-11
1 304 5.40345e-11
1 305 5.40345e-11
1 306 5.40345e-11
1 307 5.40345e-11
1 308 5.40345e-11
1 309 5.40345e-11
1 310 5.40345e-11
1 311 5.40345e-11
1 312 5.40345e-11
1 313 5.40345e-11
1 314 5.40345e-11
1 315 5.12226e-11
1 317 4.45377e-11
1 318 4.20813e-11
1 319 5.37918e-11
1 321 4.57938e-11
1 322 4.2095e-11
1 323 5.39665e-11
1 324 5.3859e-11
1 325 5.40345e-11
1 326 5.40345e-11
1 327 5.40345e-11
1 328 5.40345e-11
1 329 5.40345e-11
1 330 5.40345e-11
1 331 5.40345e-11
1 332 5.40345e-11
1 333 1.68186e-10
1 334 5.40345e-11
1 335 5.40345e-11
1 336 5.40345e-11
1 337 5.40345e-11
1 338 5.40345e-11
1 339 5.40345e-11
1 340 5.40345e-11
1 341 5.40345e-11
1 342 5.40345e-11
1 343 5.40345e-11
1 344 5.40345e-11
1 345 5.40345e-11
1 346 5.40345e-11
1 347 5.40345e-11
1 348 1.68186e-10
1 349 5.40345e-11
1 350 5.40345e-11
1 351 5.40345e-11
1 352 5.40345e-11
1 353 5.40345e-11
1 354 5.40345e-11
1 355 5.40345e-11
1 356 5.40345e-11
1 357 5.40345e-11
1 358 5.40345e-11
1 359 5.40345e-11
1 360 5.40345e-11
1 361 5.40345e-11
1 362 5.40345e-11
1 363 5.40345e-11
1 364 5.40345e-11
1 365 5.40345e-11
1 366 5.40345e-11
1 367 5.40345e-11
1 368 5.40345e-11
1 369 5.40345e-11
1 370 5.40345e-11
1 371 5.40345e-11
1 372 5.40345e-11
1 373 5.40345e-11
1 374 5.40345e-11
1 375 5.40345e-11
1 376 5.40345e-11
1 377 5.40345e-11
1 378 5.40345e-11
1 379 5.40345e-11
1 380 5.40345e-11
1 381 5.40345e-11
1 382 5.40345e-11
1 383 5.40345e-11
1 384 5.40345e-11
1 385 5.40345e-11
1 386 5.40345e-11
1 387 5.40345e-11
1 388 5.40345e-11
1 389 5.40345e-11
1 390 5.40345e-11
1 391 5.40345e-11
1 392 5.40345e-11
1 393 5.40345e-11
1 394 5.40345e-11
1 395 5.40345e-11
1 396 5.40345e-11
1 397 5.40345e-11
1 398 5.40345e-11
1 399 5.40345e-11
1 400 5.40345e-11
1 401 5.40345e-11
1 402 5.40345e-11
1 403 5.40345e-11
1 404 5.40345e-11
1 405 5.40345e-11
1 406 5.40345e-11
1 407 5.40345e-11
1 408 5.40345e-11
1 409 5.40345e-11
1 410 5.40345e-11
1 411 5.40345e-11
1 412 5.40345e-11
1 413 5.40345e-11
1 414 5.40345e-11
1 415 5.40345e-11
1 416 5.40345e-11
1 417 5.40345e-11
1 418 5.40345e-11
1 419 5.40345e-11
1 420 5.40345e-11
1 421 5.40345e-11
1 422 5.40345e-11
1 423 5.40345e-11
1 424 5.40345e-11
1 425 5.40345e-11
1 426 5.40345e-11
1 427 5.40345e-11
1 428 5.40345e-11
1 429 5.40345e-11
1 430 5.40345e-11
1 431 5.40345e-11
1 432 5.40345e-11
1 433 5.40345e-11
1 434 5.40345e-11
1 435 5.40345e-11
1 436 5.40345e-11
1 437 5.40345e-11
1 438 5.40345e-11
1 439 5.40345e-11
1 440 5.40345e-11
1 441 5.40345e-11
1 442 5.40345e-11
1 443 5.40345e-11
1 444 5.40345e-11
1 445 5.40345e-11
1 446 5.40345e-11
1 447 5.40345e-11
1 448 5.40345e-11
1 449 5.40345e-11
1 450 5.40345e-11
1 451 5.40345e-11
1 452 5.40345e-11
1 453 5.40345e-11
1 454 5.40345e-11
1 455 5.40345e-11
1 456 5.40345e-11
1 457 5.40345e-11
1 458 5.40345e-11
1 459 5.40345e-11
1 460 5.40345e-11
1 461 5.40345e-11
1 462 5.40345e-11
1 463 5.40345e-11
1 464 5.40345e-11
1 465 5.40345e-11
1 466 5.40345e-11
1 467 5.40345e-11
1 468 5.40345e-11
1 469 5.40345e-11
1 470 5.40345e-11
1 471 5.40345e-11
1 472 5.40345e-11
1 473 5.40345e-11
1 474 5.40345e-11
1 475 5.40345e-11
1 476 5.40345e-11
1 477 5.40345e-11
1 478 5.40345e-11
1 479 5.40345e-11
1 480 5.40345e-11
1 481 5.40345e-11
1 482 5.40345e-11
1 483 5.40345e-11
1 484 5.40345e-11
1 485 5.40345e-11
1 486 5.40345e-11
1 487 5.40345e-11
1 488 5.40345e-11
1 489 5.40345e-11
1 490 5.40345e-11
1 491 5.40345e-11
1 492 5.40345e-11
1 493 5.40345e-11
1 494 5.40345e-11
1 495 5.40345e-11
1 496 5.40345e-11
1 497 0.00785229
1 498 0.00795066
1 499 2.71047e-11
1 506 0.0046683
1 507 0.00480726
1 508 0.00462315
1 509 0.00469874
1 510 0.0044633
1 511 0.00436294
1 512 0.00439243
1 513 0.00463323
1 1007 0.00488463
1 1009 0.00488511
1 1010 0.00477538
1 1011 0.00492016
1 1012 0.00491401
1 1013 0.00446307
1 1014 0.00491758
1 1015 0.00482512
1 1016 2.71047e-11
1 1017 2.71047e-11
1 1018 2.71047e-11
1 1019 2.71047e-11
1 1020 2.71047e-11
1 1024 3.27147e-11
1 1025 3.27147e-11
1 1034 0.000170406
1 1039 0.000170406
1 1043 0.000128676
1 1044 0.000128676
1 1061 0.000128676
1 1082 9.95828e-05
1 1533 0.00412131
1 1535 0.00857925
1 1536 0.0081947
1 1545 0.00886128
1 1546 0.00886128
1 1548 0.010456
1 1550 0.00950705
1 1551 0.00950705
1 1553 0.0108526
1 1554 0.0108526
1 1555 0.0108526
1 1556 0.0108526
1 1557 0.0108526
1 1558 0.0108526
1 1573 0.033877
1 1574 0.0212903
1 1577 0.012764
1 1578 0.011478
1 1579 0.0114424
1 1580 0.013526
1 1587 0.0112988
1 1588 0.0166038
163 164 5.40764e-11
163 165 5.40764e-11
163 166 5.40764e-11
163 167 5.40764e-11
163 168 5.40764e-11
163 169 5.40764e-11
163 170 5.40764e-11
163 171 5.40764e-11
163 172 5.40764e-11
163 173 5.40764e-11
163 174 5.40764e-11
163 175 5.40764e-11
163 176 5.40764e-11
163 177 1.68228e-10
163 178 5.40764e-11
163 179 5.40764e-11
163 180 5.40764e-11
163 181 5.40764e-11
163 182 5.40764e-11
163 183 5.40764e-11
163 184 5.40764e-11
163 185 5.40764e-11
163 186 5.40764e-11
163 187 5.40764e-11
163 188 5.40764e-11
163 189 5.40764e-11
163 190 5.40764e-11
163 191 5.40764e-11
163 192 5.40764e-11
163 193 5.40764e-11
163 194 5.40764e-11
163 195 5.40764e-11
163 196 5.40764e-11
163 197 5.40764e-11
163 198 5.40764e-11
163 199 5.40764e-11
163 200 5.40764e-11
163 201 5.40764e-11
163 202 5.40764e-11
163 203 5.40764e-11
163 204 5.40764e-11
163 205 5.40764e-11
163 206 5.40764e-11
163 207 5.40764e-11
163 208 5.40764e-11
163 209 5.40764e-11
163 210 5.40764e-11
163 211 5.40764e-11
163 212 5.40764e-11
163 213 5.40764e-11
163 214 5.40554e-11
163 215 5.02363e-11
163 216 5.38828e-11
163 217 5.39667e-11
163 218 5.02572e-11
163 219 4.20198e-11
163 220 4.65866e-11
163 221 4.17785e-11
163 222 5.02126e-11
163 223 4.30095e-11
163 224 4.66313e-11
163 225 3.85639e-11
163 226 5.37644e-11
163 227 5.36601e-11
163 228 5.40764e-11
163 229 4.08126e-11
163 230 4.02367e-11
163 231 5.36511e-11
163 232 5.38962e-11
163 233 5.32221e-11
163 234 3.71289e-11
163 235 5.32221e-11
163 236 5.26067e-11
163 237 5.35908e-11
163 238 3.85637e-11
163 239 5.40764e-11
163 240 5.37149e-11
163 241 5.40764e-11
163 242 5.40764e-11
163 243 5.40764e-11
163 244 5.40764e-11
163 245 5.40478e-11
163 246 4.89964e-11
163 247 5.40478e-11
163 248 5.40478e-11
163 249 5.40232e-11
163 250 4.43954e-11
163 251 5.40232e-11
163 252 5.39948e-11
163 253 5.40764e-11
163 254 4.69162e-11
163 255 5.40764e-11
163 256 5.40232e-11
163 257 5.40764e-11
163 258 5.40764e-11
163 259 5.40764e-11
163 260 5.40764e-11
163 261 5.40764e-11
163 262 5.40764e-11
163 263 5.40764e-11
163 264 5.40764e-11
163 265 5.40764e-11
163 266 5.40764e-11
163 267 5.40345e-11
163 268 4.79393e-11
163 269 5.40345e-11
163 270 5.39839e-11
163 271 4.26495e-11
163 272 5.39839e-11
163 273 5.39425e-11
163 274 5.40764e-11
163 275 4.49344e-11
163 276 5.40764e-11
163 277 5.39839e-11
163 278 5.40764e-11
163 279 5.40764e-11
163 280 5.40764e-11
163 281 5.40764e-11
163 282 5.40764e-11
163 283 5.40764e-11
163 284 5.40764e-11
163 285 5.40764e-11
163 286 5.40764e-11
163 287 5.40764e-11
163 288 5.40764e-11
163 289 5.40764e-11
163 290 5.40764e-11
163 291 5.40764e-11
163 292 5.40764e-11
163 293 5.40764e-11
163 294 5.40764e-11
163 295 5.40764e-11
163 296 5.40203e-11
163 297 4.69884e-11
163 298 5.40203e-11
163 299 5.40203e-11
163 300 5.40764e-11
163 301 4.69884e-11
163 302 5.40764e-11
163 303 5.40203e-11
163 304 5.40764e-11
163 305 5.40764e-11
163 306 5.40764e-11
163 307 5.40764e-11
163 308 5.40764e-11
163 309 5.40764e-11
163 310 5.40764e-11
163 311 5.40764e-11
163 312 5.40764e-11
163 314 5.40764e-11
163 315 5.12644e-11
163 317 4.45796e-11
163 318 4.21232e-11
163 319 5.38336e-11
163 321 4.58356e-11
163 322 4.21368e-11
163 323 5.40083e-11
163 324 5.39008e-11
163 325 5.40764e-11
163 326 5.40764e-11
163 327 5.40764e-11
163 328 5.40764e-11
163 329 5.40764e-11
163 330 5.40764e-11
163 331 5.40764e-11
163 332 5.40764e-11
163 333 1.68228e-10
163 334 5.40764e-11
163 335 5.40764e-11
163 336 5.40764e-11
163 337 5.40764e-11
163 338 5.40764e-11
163 339 5.40764e-11
163 340 5.40764e-11
163 341 5.40764e-11
163 342 5.40764e-11
163 343 5.40764e-11
163 344 5.40764e-11
163 345 5.40764e-11
163 346 5.40764e-11
163 347 5.40764e-11
163 348 1.68228e-10
163 349 5.40764e-11
163 350 5.40764e-11
163 351 5.40764e-11
163 352 5.40764e-11
163 353 5.40764e-11
163 354 5.40764e-11
163 355 5.40764e-11
163 356 5.40764e-11
163 357 5.40764e-11
163 358 5.40764e-11
163 359 5.40764e-11
163 360 5.40764e-11
163 361 5.40764e-11
163 362 5.40764e-11
163 363 5.40764e-11
163 364 5.40764e-11
163 365 5.40764e-11
163 366 5.40764e-11
163 367 5.40764e-11
163 368 5.40764e-11
163 369 5.40764e-11
163 370 5.40764e-11
163 371 5.40764e-11
163 372 5.40764e-11
163 373 5.40764e-11
163 374 5.40764e-11
163 375 5.40764e-11
163 376 5.40764e-11
163 377 5.40764e-11
163 378 5.40764e-11
163 379 5.40764e-11
163 380 5.40764e-11
163 381 5.40764e-11
163 382 5.40764e-11
163 383 5.40764e-11
163 384 5.40764e-11
163 385 5.40764e-11
163 386 5.40764e-11
163 387 5.40764e-11
163 388 5.40764e-11
163 389 5.40764e-11
163 390 5.40764e-11
163 391 5.40764e-11
163 392 5.40764e-11
163 393 5.40764e-11
163 394 5.40764e-11
163 395 5.40764e-11
163 396 5.40764e-11
163 397 5.40764e-11
163 398 5.40764e-11
163 399 5.40764e-11
163 400 5.40764e-11
163 401 5.40764e-11
163 402 5.40764e-11
163 403 5.40764e-11
163 404 5.40764e-11
163 405 5.40764e-11
163 406 5.40764e-11
163 407 5.40764e-11
163 408 5.40764e-11
163 409 5.40764e-11
163 410 5.40764e-11
163 411 5.40764e-11
163 412 5.40764e-11
163 413 5.40764e-11
163 414 5.40764e-11
163 415 5.40764e-11
163 416 5.40764e-11
163 417 5.40764e-11
163 418 5.40764e-11
163 419 5.40764e-11
163 420 5.40764e-11
163 421 5.40764e-11
163 422 5.40764e-11
163 423 5.40764e-11
163 424 5.40764e-11
163 425 5.40764e-11
163 426 5.40764e-11
163 427 5.40764e-11
163 428 5.40764e-11
163 429 5.40764e-11
163 430 5.40764e-11
163 431 5.40764e-11
163 432 5.40764e-11
163 433 5.40764e-11
163 434 5.40764e-11
163 435 5.40764e-11
163 436 5.40764e-11
163 437 5.40764e-11
163 438 5.40764e-11
163 439 5.40764e-11
163 440 5.40764e-11
163 441 5.40764e-11
163 442 5.40764e-11
163 443 5.40764e-11
163 444 5.40764e-11
163 445 5.40764e-11
163 446 5.40764e-11
163 447 5.40764e-11
163 448 5.40764e-11
163 449 5.40764e-11
163 450 5.40764e-11
163 451 5.40764e-11
163 452 5.40764e-11
163 453 5.40764e-11
163 454 5.40764e-11
163 455 5.40764e-11
163 457 5.40764e-11
163 458 5.40764e-11
163 459 5.40764e-11
163 460 5.40764e-11
163 461 5.40764e-11
163 462 5.40764e-11
163 463 5.40764e-11
163 464 5.40764e-11
163 465 5.40764e-11
163 467 5.40764e-11
163 468 5.40764e-11
163 469 5.40764e-11
163 470 5.40764e-11
163 471 5.40764e-11
163 472 5.40764e-11
163 473 5.40764e-11
163 474 5.40764e-11
163 475 5.40764e-11
163 476 5.40764e-11
163 477 5.40764e-11
163 478 5.40764e-11
163 479 5.40764e-11
163 480 5.40764e-11
163 481 5.40764e-11
163 482 5.40764e-11
163 483 5.40764e-11
163 484 5.40764e-11
163 485 5.40764e-11
163 486 5.40764e-11
163 487 5.40764e-11
163 488 5.40764e-11
163 489 5.40764e-11
163 490 5.40764e-11
163 491 5.40764e-11
163 492 5.40764e-11
163 493 5.40764e-11
163 494 5.40764e-11
163 495 5.40764e-11
163 496 5.40764e-11
163 497 0.00785229
163 498 0.00795066
163 499 2.71466e-11
163 506 0.0046683
163 507 0.00480726
163 508 0.00462315
163 509 0.00469874
163 510 0.0044633
163 511 0.00436294
163 512 0.00439243
163 513 0.00463323
163 1007 0.00488463
163 1009 0.00488511
163 1010 0.00477538
163 1011 0.00492016
163 1012 0.00491401
163 1014 0.00491758
163 1015 0.00482512
163 1016 2.71466e-11
163 1017 2.71466e-11
163 1018 2.71466e-11
163 1019 2.71466e-11
163 1020 2.71466e-11
163 1024 3.27565e-11
163 1025 3.27565e-11
163 1034 0.000170406
163 1039 0.000170406
163 1043 0.000128676
163 1044 0.000128676
163 1061 0.000128676
163 1082 9.95828e-05
163 1535 0.00857925
163 1536 0.0081947
163 1545 0.00886128
163 1546 0.00886128
163 1548 0.010456
163 1550 0.00950705
163 1551 0.00950705
163 1553 0.0108526
163 1554 0.0108526
163 1555 0.0108526
163 1556 0.0108526
163 1557 0.0108526
163 1558 0.0108526
163 1577 0.012764
163 1578 0.011478
163 1579 0.0114424
163 1580 0.013526
163 1588 0.0166038
164 165 5.40764e-11
164 166 5.40764e-11
164 167 5.40764e-11
164 168 5.40764e-11
164 169 5.40764e-11
164 170 5.40764e-11
164 171 5.40764e-11
164 172 5.40764e-11
164 173 5.40764e-11
164 174 5.40764e-11
164 175 5.40764e-11
164 176 5.40764e-11
164 177 1.68228e-10
164 178 5.40764e-11
164 179 5.40764e-11
164 180 5.40764e-11
164 181 5.40764e-11
164 182 5.40764e-11
164 183 5.40764e-11
164 184 5.40764e-11
164 185 5.40764e-11
164 186 5.40764e-11
164 187 5.40764e-11
164 188 5.40764e-11
164 189 5.40764e-11
164 190 5.40764e-11
164 191 5.40764e-11
164 192 5.40764e-11
164 193 5.40764e-11
164 194 5.40764e-11
164 195 5.40764e-11
164 196 5.40764e-11
164 197 5.40764e-11
164 198 5.40764e-11
164 199 5.40764e-11
164 200 5.40764e-11
164 201 5.40764e-11
164 202 5.40764e-11
164 203 5.40764e-11
164 204 5.40764e-11
164 205 5.40764e-11
164 206 5.40764e-11
164 207 5.40764e-11
164 208 5.40764e-11
164 209 5.40764e-11
164 210 5.40764e-11
164 211 5.40764e-11
164 212 5.40764e-11
164 213 5.40764e-11
164 214 5.40554e-11
164 215 5.02363e-11
164 216 5.38828e-11
164 217 5.39667e-11
164 218 5.02572e-11
164 219 4.20198e-11
164 220 4.65866e-11
164 221 4.17785e-11
164 222 5.02126e-11
164 223 4.30095e-11
164 224 4.66313e-11
164 225 3.85639e-11
164 226 5.37644e-11
164 227 5.36601e-11
164 228 5.40764e-11
164 229 4.08126e-11
164 230 4.02367e-11
164 231 5.36511e-11
164 232 5.38962e-11
164 233 5.32221e-11
164 234 3.71289e-11
164 235 5.32221e-11
164 236 5.26067e-11
164 237 5.35908e-11
164 238 3.85637e-11
164 239 5.40764e-11
164 240 5.37149e-11
164 241 5.40764e-11
164 242 5.40764e-11
164 243 5.40764e-11
164 244 5.40764e-11
164 245 5.40478e-11
164 246 4.89964e-11
164 247 5.40478e-11
164 248 5.40478e-11
164 249 5.40232e-11
164 250 4.43954e-11
164 251 5.40232e-11
164 252 5.39948e-11
164 253 5.40764e-11
164 254 4.69162e-11
164 255 5.40764e-11
164 256 5.40232e-11
164 257 5.40764e-11
164 258 5.40764e-11
164 259 5.40764e-11
164 260 5.40764e-11
164 261 5.40764e-11
164 262 5.40764e-11
164 263 5.40764e-11
164 264 5.40764e-11
164 265 5.40764e-11
164 266 5.40764e-11
164 267 5.40345e-11
164 268 4.79393e-11
164 269 5.40345e-11
164 270 5.39839e-11
164 271 4.26495e-11
164 272 5.39839e-11
164 273 5.39425e-11
164 274 5.40764e-11
164 275 4.49344e-11
164 276 5.40764e-11
164 277 5.39839e-11
164 278 5.40764e-11
164 279 5.40764e-11
164 280 5.40764e-11
164 281 5.40764e-11
164 282 5.40764e-11
164 283 5.40764e-11
164 284 5.40764e-11
164 285 5.40764e-11
164 286 5.40764e-11
164 287 5.40764e-11
164 288 5.40764e-11
164 289 5.40764e-11
164 290 5.40764e-11
164 291 5.40764e-11
164 292 5.40764e-11
164 293 5.40764e-11
164 294 5.40764e-11
164 295 5.40764e-11
164 296 5.40203e-11
164 297 4.69884e-11
164 298 5.40203e-11
164 299 5.40203e-11
164 300 5.40764e-11
164 301 4.69884e-11
164 302 5.40764e-11
164 303 5.40203e-11
164 304 5.40764e-11
164 305 5.40764e-11
164 306 5.40764e-11
164 307 5.40764e-11
164 308 5.40764e-11
164 309 5.40764e-11
164 310 5.40764e-11
164 311 5.40764e-11
164 312 5.40764e-11
164 314 5.40764e-11
164 315 5.12644e-11
164 317 4.45796e-11
164 318 4.21232e-11
164 319 5.38336e-11
164 321 4.58356e-11
164 322 4.21368e-11
164 323 5.40083e-11
164 324 5.39008e-11
164 325 5.40764e-11
164 326 5.40764e-11
164 327 5.40764e-11
164 328 5.40764e-11
164 329 5.40764e-11
164 330 5.40764e-11
164 331 5.40764e-11
164 332 5.40764e-11
164 333 1.68228e-10
164 334 5.40764e-11
164 335 5.40764e-11
164 336 5.40764e-11
164 337 5.40764e-11
164 338 5.40764e-11
164 339 5.40764e-11
164 340 5.40764e-11
164 341 5.40764e-11
164 342 5.40764e-11
164 343 5.40764e-11
164 344 5.40764e-11
164 345 5.40764e-11
164 346 5.40764e-11
164 347 5.40764e-11
164 348 1.68228e-10
164 349 5.40764e-11
164 350 5.40764e-11
164 351 5.40764e-11
164 352 5.40764e-11
164 353 5.40764e-11
164 354 5.40764e-11
164 355 5.40764e-11
164 356 5.40764e-11
164 357 5.40764e-11
164 358 5.40764e-11
164 359 5.40764e-11
164 360 5.40764e-11
164 361 5.40764e-11
164 362 5.40764e-11
164 363 5.40764e-11
164 364 5.40764e-11
164 365 5.40764e-11
164 366 5.40764e-11
164 367 5.40764e-11
164 368 5.40764e-11
164 369 5.40764e-11
164 370 5.40764e-11
164 371 5.40764e-11
164 372 5.40764e-11
164 373 5.40764e-11
164 374 5.40764e-11
164 375 5.40764e-11
164 376 5.40764e-11
164 377 5.40764e-11
164 378 5.40764e-11
164 379 5.40764e-11
164 380 5.40764e-11
164 381 5.40764e-11
164 382 5.40764e-11
164 383 5.40764e-11
164 384 5.40764e-11
164 385 5.40764e-11
164 386 5.40764e-11
164 387 5.40764e-11
164 388 5.40764e-11
164 389 5.40764e-11
164 390 5.40764e-11
164 391 5.40764e-11
164 392 5.40764e-11
164 393 5.40764e-11
164 394 5.40764e-11
164 395 5.40764e-11
164 396 5.40764e-11
164 397 5.40764e-11
164 398 5.40764e-11
164 399 5.40764e-11
164 400 5.40764e-11
164 401 5.40764e-11
164 402 5.40764e-11
164 403 5.40764e-11
164 404 5.40764e-11
164 405 5.40764e-11
164 406 5.40764e-11
164 407 5.40764e-11
164 408 5.40764e-11
164 409 5.40764e-11
164 410 5.40764e-11
164 411 5.40764e-11
164 412 5.40764e-11
164 413 5.40764e-11
164 414 5.40764e-11
164 415 5.40764e-11
164 416 5.40764e-11
164 417 5.40764e-11
164 418 5.40764e-11
164 419 5.40764e-11
164 420 5.40764e-11
164 421 5.40764e-11
164 422 5.40764e-11
164 423 5.40764e-11
164 424 5.40764e-11
164 425 5.40764e-11
164 426 5.40764e-11
164 427 5.40764e-11
164 428 5.40764e-11
164 429 5.40764e-11
164 430 5.40764e-11
164 431 5.40764e-11
164 432 5.40764e-11
164 433 5.40764e-11
164 434 5.40764e-11
164 435 5.40764e-11
164 436 5.40764e-11
164 437 5.40764e-11
164 438 5.40764e-11
164 439 5.40764e-11
164 440 5.40764e-11
164 441 5.40764e-11
164 442 5.40764e-11
164 443 5.40764e-11
164 444 5.40764e-11
164 445 5.40764e-11
164 446 5.40764e-11
164 447 5.40764e-11
164 448 5.40764e-11
164 449 5.40764e-11
164 450 5.40764e-11
164 451 5.40764e-11
164 452 5.40764e-11
164 453 5.40764e-11
164 454 5.40764e-11
164 455 5.40764e-11
164 457 5.40764e-11
164 458 5.40764e-11
164 459 5.40764e-11
164 460 5.40764e-11
164 461 5.40764e-11
164 462 5.40764e-11
164 463 5.40764e-11
164 464 5.40764e-11
164 465 5.40764e-11
164 467 5.40764e-11
164 468 5.40764e-11
164 469 5.40764e-11
164 470 5.40764e-11
164 471 5.40764e-11
164 472 5.40764e-11
164 473 5.40764e-11
164 474 5.40764e-11
164 475 5.40764e-11
164 476 5.40764e-11
164 477 5.40764e-11
164 478 5.40764e-11
164 479 5.40764e-11
164 480 5.40764e-11
164 481 5.40764e-11
164 482 5.40764e-11
164 483 5.40764e-11
164 484 5.40764e-11
164 485 5.40764e-11
164 486 5.40764e-11
164 487 5.40764e-11
164 488 5.40764e-11
164 489 5.40764e-11
164 490 5.40764e-11
164 491 5.40764e-11
164 492 5.40764e-11
164 493 5.40764e-11
164 494 5.40764e-11
164 495 5.40764e-11
164 496 5.40764e-11
164 497 0.00785229
164 498 0.00795066
164 499 2.71466e-11
164 506 0.0046683
164 507 0.00480726
164 508 0.00462315
164 509 0.00469874
164 510 0.0044633
164 511 0.00436294
164 512 0.00439243
164 513 0.00463323
164 1007 0.00488463
164 1009 0.00488511
164 1010 0.00477538
164 1011 0.00492016
164 1012 0.00491401
164 1014 0.00491758
164 1015 0.00482512
164 1016 2.71466e-11
164 1017 2.71466e-11
164 1018 2.71466e-11
164 1019 2.71466e-11
164 1020 2.71466e-11
164 1024 3.27565e-11
164 1025 3.27565e-11
164 1034 0.000170406
164 1039 0.000170406
164 1043 0.000128676
164 1044 0.000128676
164 1061 0.000128676
164 1082 9.95828e-05
164 1535 0.00857925
164 1536 0.0081947
164 1545 0.00886128
164 1546 0.00886128
164 1548 0.010456
164 1550 0.00950705
164 1551 0.00950705
164 1553 0.0108526
164 1554 0.0108526
164 1555 0.0108526
164 1556 0.0108526
164 1557 0.0108526
164 1558 0.0108526
164 1577 0.012764
164 1578 0.011478
164 1579 0.0114424
164 1580 0.013526
164 1588 0.0166038
165 166 5.40764e-11
165 167 5.40764e-11
165 168 5.40764e-11
165 169 5.40764e-11
165 170 5.40764e-11
165 171 5.40764e-11
165 172 5.40764e-11
165 173 5.40764e-11
165 174 5.40764e-11
165 175 5.40764e-11
165 176 5.40764e-11
165 177 1.68228e-10
165 178 5.40764e-11
165 179 5.40764e-11
165 180 5.40764e-11
165 181 5.40764e-11
165 182 5.40764e-11
165 183 5.40764e-11
165 184 5.40764e-11
165 185 5.40764e-11
165 186 5.40764e-11
165 187 5.40764e-11
165 188 5.40764e-11
165 189 5.40764e-11
165 190 5.40764e-11
165 191 5.40764e-11
165 192 5.40764e-11
165 193 5.40764e-11
165 194 5.40764e-11
165 195 5.40764e-11
165 196 5.40764e-11
165 197 5.40764e-11
165 198 5.40764e-11
165 199 5.40764e-11
165 200 5.40764e-11
165 201 5.40764e-11
165 202 5.40764e-11
165 203 5.40764e-11
165 204 5.40764e-11
165 205 5.40764e-11
165 206 5.40764e-11
165 207 5.40764e-11
165 208 5.40764e-11
165 209 5.40764e-11
165 210 5.40764e-11
165 211 5.40764e-11
165 212 5.40764e-11
165 213 5.40764e-11
165 214 5.40554e-11
165 215 5.02363e-11
165 216 5.38828e-11
165 217 5.39667e-11
165 218 5.02572e-11
165 219 4.20198e-11
165 220 4.65866e-11
165 221 4.17785e-11
165 222 5.02126e-11
165 223 4.30095e-11
165 224 4.66313e-11
165 225 3.85639e-11
165 226 5.37644e-11
165 227 5.36601e-11
165 228 5.40764e-11
165 229 4.08126e-11
165 230 4.02367e-11
165 231 5.36511e-11
165 232 5.38962e-11
165 233 5.32221e-11
165 234 3.71289e-11
165 235 5.32221e-11
165 236 5.26067e-11
165 237 5.35908e-11
165 238 3.85637e-11
165 239 5.40764e-11
165 240 5.37149e-11
165 241 5.40764e-11
165 242 5.40764e-11
165 243 5.40764e-11
165 244 5.40764e-11
165 245 5.40478e-11
165 246 4.89964e-11
165 247 5.40478e-11
165 248 5.40478e-11
165 249 5.40232e-11
165 250 4.43954e-11
165 251 5.40232e-11
165 252 5.39948e-11
165 253 5.40764e-11
165 254 4.69162e-11
165 255 5.40764e-11
165 256 5.40232e-11
165 257 5.40764e-11
165 258 5.40764e-11
165 259 5.40764e-11
165 260 5.40764e-11
165 261 5.40764e-11
165 262 5.40764e-11
165 263 5.40764e-11
165 264 5.40764e-11
165 265 5.40764e-11
165 266 5.40764e-11
165 267 5.40345e-11
165 268 4.79393e-11
165 269 5.40345e-11
165 270 5.39839e-11
165 271 4.26495e-11
165 272 5.39839e-11
165 273 5.39425e-11
165 274 5.40764e-11
165 275 4.49344e-11
165 276 5.40764e-11
165 277 5.39839e-11
165 278 5.40764e-11
165 279 5.40764e-11
165 280 5.40764e-11
165 281 5.40764e-11
165 282 5.40764e-11
165 283 5.40764e-11
165 284 5.40764e-11
165 285 5.40764e-11
165 286 5.40764e-11
165 287 5.40764e-11
165 288 5.40764e-11
165 289 5.40764e-11
165 290 5.40764e-11
165 291 5.40764e-11
165 292 5.40764e-11
165 293 5.40764e-11
165 294 5.40764e-11
165 295 5.40764e-11
165 296 5.40203e-11
165 297 4.69884e-11
165 298 5.40203e-11
165 299 5.40203e-11
165 300 5.40764e-11
165 301 4.69884e-11
165 302 5.40764e-11
165 303 5.40203e-11
165 304 5.40764e-11
165 305 5.40764e-11
165 306 5.40764e-11
165 307 5.40764e-11
165 308 5.40764e-11
165 309 5.40764e-11
165 310 5.40764e-11
165 311 5.40764e-11
165 312 5.40764e-11
165 314 5.40764e-11
165 315 5.12644e-11
165 317 4.45796e-11
165 318 4.21232e-11
165 319 5.38336e-11
165 321 4.58356e-11
165 322 4.21368e-11
165 323 5.40083e-11
165 324 5.39008e-11
165 325 5.40764e-11
165 326 5.40764e-11
165 327 5.40764e-11
165 328 5.40764e-11
165 329 5.40764e-11
165 330 5.40764e-11
165 331 5.40764e-11
165 332 5.40764e-11
165 333 1.68228e-10
165 334 5.40764e-11
165 335 5.40764e-11
165 336 5.40764e-11
165 337 5.40764e-11
165 338 5.40764e-11
165 339 5.40764e-11
165 340 5.40764e-11
165 341 5.40764e-11
165 342 5.40764e-11
165 343 5.40764e-11
165 344 5.40764e-11
165 345 5.40764e-11
165 346 5.40764e-11
165 347 5.40764e-11
165 348 1.68228e-10
165 349 5.40764e-11
165 350 5.40764e-11
165 351 5.40764e-11
165 352 5.40764e-11
165 353 5.40764e-11
165 354 5.40764e-11
165 355 5.40764e-11
165 356 5.40764e-11
165 357 5.40764e-11
165 358 5.40764e-11
165 359 5.40764e-11
165 360 5.40764e-11
165 361 5.40764e-11
165 362 5.40764e-11
165 363 5.40764e-11
165 364 5.40764e-11
165 365 5.40764e-11
165 366 5.40764e-11
165 367 5.40764e-11
165 368 5.40764e-11
165 369 5.40764e-11
165 370 5.40764e-11
165 371 5.40764e-11
165 372 5.40764e-11
165 373 5.40764e-11
165 374 5.40764e-11
165 375 5.40764e-11
165 376 5.40764e-11
165 377 5.40764e-11
165 378 5.40764e-11
165 379 5.40764e-11
165 380 5.40764e-11
165 381 5.40764e-11
165 382 5.40764e-11
165 383 5.40764e-11
165 384 5.40764e-11
165 385 5.40764e-11
165 386 5.40764e-11
165 387 5.40764e-11
165 388 5.40764e-11
165 389 5.40764e-11
165 390 5.40764e-11
165 391 5.40764e-11
165 392 5.40764e-11
165 393 5.40764e-11
165 394 5.40764e-11
165 395 5.40764e-11
165 396 5.40764e-11
165 397 5.40764e-11
165 398 5.40764e-11
165 399 5.40764e-11
165 400 5.40764e-11
165 401 5.40764e-11
165 402 5.40764e-11
165 403 5.40764e-11
165 404 5.40764e-11
165 405 5.40764e-11
165 406 5.40764e-11
165 407 5.40764e-11
165 408 5.40764e-11
165 409 5.40764e-11
165 410 5.40764e-11
165 411 5.40764e-11
165 412 5.40764e-11
165 413 5.40764e-11
165 414 5.40764e-11
165 415 5.40764e-11
165 416 5.40764e-11
165 417 5.40764e-11
165 418 5.40764e-11
165 419 5.40764e-11
165 420 5.40764e-11
165 421 5.40764e-11
165 422 5.40764e-11
165 423 5.40764e-11
165 424 5.40764e-11
165 425 5.40764e-11
165 426 5.40764e-11
165 427 5.40764e-11
